{"config": {"model": "powell", "land": "roughness", "design": "constrained_n200_lumped"}, "vars": ["CP", "Rmax", "VT", "B", "CF", "FFP"], "note": "GPR/NN predictors are fit for the default config (Powell + roughness); Linear/RSM stays live in the browser. Constrained lumped C1-C5 design (n=200). Inputs are CORRELATED (CP-RMW, B-RMW), so the PRIMARY sensitivity is Shapley effects (shapley/shapley_kd, given-data kNN on the constrained joint, sum to 1 by construction); the Saltelli Sobol' block (sobol/sobol_kd) is kept as an independent-uniform REFERENCE only and does not respect the couplings.", "responses": {"wind": {"all": {"scaler": {"mean": [940.0018329999999, 18.755542, 15.0035315, 1.5079444999999998, 0.8750224999999997, 1010.5001474999996], "std": [28.869973634207057, 13.283453312152526, 5.772708452005676, 0.2856764382474516, 0.043288504752994166, 2.596948417199265]}, "y_mean": 67.38236360989737, "y_std": 15.235411436024721, "y_range": [32.13181479472132, 105.88548766862169], "gpr": {"const": 204.91535967919532, "length_scale": [5.856919571700472, 1.406346463849189, 100.00000000000004, 17.330707431845873, 48.97902767358946, 100.00000000000004], "x_train": [[-0.950587393938009, -0.31334035677244576, -1.4632873927774956, 1.3289702935568817, -0.19687674704010594, -0.7304140072390335], [-0.03734444006289021, 0.13537579104936837, 0.9162715463591888, 0.5571180492741249, -1.3934992752510666, -1.3365484955388303], [1.6238936548404554, -0.15073203879658492, 1.3046507653410582, -0.320098152164691, 1.5495453211596724, -1.125762637654755], [-0.42041025578280844, -0.7970474056105471, -1.3146396640494216, 1.3265199689718574, 0.07802302295430154, 1.2509884595644625], [0.23363952754040332, 1.6696454964545695, -0.05022451807682504, -0.3477518153385404, 0.35061271084791845, -1.6738289721932857], [-1.4061298951759487, -0.587892456614096, 1.432389764483445, 0.08210512614863691, -0.32855142678532817, 0.5720377386634837], [-1.7159327413206544, -1.2290510318626198, 1.1037052283120803, -0.20668312851497977, 0.6971250259669224, -1.6422919576505226], [-0.14422711474410108, -0.3149965526036813, 1.4164007359767423, 0.5585182347512816, -1.1463204904661763, 0.4326818709831043], [-1.238360431255789, -0.9692917720590516, 0.7980774602256792, -0.877722018442438, 1.6696695904009264, 1.164194282788659], [0.7735049322504662, 0.6300137323736249, 0.5098591977180812, -1.548760908369897, -0.6519629208963985, -1.325651090025255], [-1.5463724894817026, -0.9680195125341479, 1.7123796537075282, 0.18466871235038154, 0.7225359290756491, 0.30195151155375877], [-0.06034411468723243, -0.41832811614704546, 1.292663324683812, -0.8896235949982721, -0.6796839061059183, 0.7859041352086488], [0.8202663189113967, 2.0010352259590785, 1.7198284968904989, -1.38773957849685, -0.11833395561313273, 1.3288875809563683], [-0.991522658201627, -0.6966217129347144, 0.24367565271917827, -0.21438414863934283, -1.257204431304258, -1.136737056634838], [-0.7429806923891581, -0.8679777561646471, 0.7440646857035795, 1.542148532454024, 0.6578536302534346, -0.5224776476164814], [0.5240762319946475, -0.7257933440530692, 1.6201006126943067, 1.760927513259795, 0.3667832855534728, -0.3592090985794683], [-0.3369013468192278, -0.6895678243262244, -0.11315858152736592, 1.678316570107536, -1.5944764180200872, 1.05760764511547], [-0.534795535168279, 0.6120590639304568, -0.5347284599012629, 0.43600200550005064, -1.3126464017232977, -0.45100915067953173], [-0.7237565667618888, 0.2676681971507482, -1.6072059722289396, -1.1686105513217906, 1.6973905756104464, 0.5244049096166163], [0.20977043750481536, -0.8588385664413741, -1.5542325711742315, 1.2082042961520967, 1.646568769392993, 1.3763278763369229], [0.32490389907686207, -0.9152546189835548, 1.145643947721318, -0.8451677060985399, -0.06520206729488623, -0.08157555175007787], [-0.45416504933916213, -0.12437594059133071, 1.6460329807057192, -0.6372401627407355, -1.4997630518875595, -0.9299558990101618], [0.5749595482945794, -0.04898891761863298, -0.7496362471755302, -1.0604462232114173, -0.4232647929178557, 0.27719168206536693], [1.2066019678911588, -0.5177751476498752, 1.1202832351169711, 0.8175525480253137, 0.5192487042058329, 0.913746489643261], [0.88514341314541, -0.8683541643081096, -1.475309479216988, -1.0758482634601443, 0.49152771899631315, 0.0635178191865582], [-0.9801267350820392, -0.6816783096392476, 0.10294448523440099, 1.1273435848462845, 1.7274216429207592, -1.5345501179794139], [0.871371318822165, -0.769057696062665, -0.6599902856130336, 1.032481018768902, 1.1291103788152814, -0.8632237302646081], [0.1098257670815216, -0.06951821776308545, -0.7823418656161087, -0.9921871812000176, -1.2156229534899772, 0.641195831604638], [0.16742194022210777, -0.14567311334844704, 0.5732436563378251, 0.3764941227208807, -0.39785388980912895, -0.775235844757675], [-0.44924298041729593, -0.8790968527225336, -1.5905240280773096, -1.237919732441058, 0.48228739059314074, -0.2806553627220734], [-0.115903569653253, 0.4052980707264281, -0.23216684354366593, -1.403141618745576, -1.5736856791129492, 1.5141049679535037], [1.163262821972524, 0.5053247707701904, -0.1619918116036322, -0.1198716289312504, 1.6003671273771256, 1.3131383270516355], [0.267082578519017, -0.3777362619560343, 0.789346723099592, 0.9036639548704647, -0.09292305250440604, -1.7169180067150698], [0.3927910410892721, -0.8235088980959707, -0.8301530451161069, -0.03411026845538862, 0.3367522182431573, -0.22944140748168596], [1.047263408795646, 2.9662511000774594, -0.08921834599512056, -1.7503876170804944, 1.5010335970430095, 0.4494322999526978], [-0.15999436156488236, 0.196677621293694, 1.5398956267939479, 0.21757307106356966, 1.0020558632716454, 1.6806850960511293], [-1.2945676180222268, -0.5423470712551165, -1.7110740274035734, -1.4447971366909949, 0.09650367976064893, -0.0241620124543009], [0.3350389966598159, -0.6867146505987778, 1.2199764735309164, -0.4356134540301381, -0.545699144259903, 0.23206179068060767], [0.1862615833368337, -0.8195189717752667, 0.6992850121501389, -0.04986235507340389, 1.1868624313351142, -1.1646159315175735], [-1.4932931199119206, -0.5719176950055415, 0.8908068964081031, -0.3936078897154302, 1.3901496562049303, -0.8344592005168608], [0.7135291240998004, 2.602768812261326, 0.7578537070376369, -0.08906754843379826, -0.12526420191551205, -1.038775927212639], [1.227225471311836, 1.7130528835586816, -1.160656484855406, -1.6054684201947527, -0.1552952692258275, -0.6998781677611311], [0.2915543708715704, -0.7392010021232083, 0.8478114806403511, 0.8536073240621046, 0.44532607698044596, -0.30264270741549326], [1.3147731785603554, -0.9131316770544253, -0.7296109850371251, 1.4168319322484795, -1.5090033802907346, 0.4987209185299151], [-0.328775256959484, -0.533636986815391, 0.3759878951180862, -0.5591798223892367, -0.18070617233455422, 1.0787093349438341], [-0.8036076961466596, -0.5581863259320244, -0.639826440345643, 1.509594220110126, 1.2469245659557424, -0.37291749562126963], [1.3404088098698022, -0.05398008960094773, 0.23969138776084514, -0.7604564847305456, 0.2073876205987307, -1.4085175800081666], [1.2654555027619605, 1.625319673480409, 0.6807148728660819, -0.8644202564094479, 0.5700705104232889, -0.9062357513198845], [0.6219218357278277, -0.9034579877674356, 0.0651459368036054, 1.082537649577262, -0.04441132838774574, -0.8968401084036002], [-0.25670383679252456, -0.31581712235642995, -1.1114594740655526, -1.512356085963816, 1.5264445001517386, -0.04930690927531803], [-0.6329805919305548, -0.7464054539890833, -1.0108481224220782, -0.0918679193881118, 0.27438000152173836, -0.6506280559171677], [0.5582466823213187, -0.41382627475123235, 0.16901399197823924, -0.02920961928533913, 0.2374186879090436, 1.444561807679768], [0.6572110955279444, -0.08240643259524619, 1.5154530274191298, 0.25712831079325243, -0.9753744150074688, -0.9877930123718617], [0.09216381814936696, -0.9330888368208146, 0.6328690475838374, 1.728373200915896, 0.057232284047161054, -0.2521988868404001], [-0.010060036897843554, 0.8911205333307896, 0.6565494397492353, 0.08245517251792611, -1.4604916561740744, -1.579448968964563], [0.8576234711438492, 2.455691094284733, -0.428158033711412, -0.8822726212431983, 1.4548319550271422, 0.12412741734318625], [-0.8205353181179159, -0.37046405662433607, 0.5509490954622828, 0.7538441088146736, -0.8922114593789069, -0.7855941560055225], [0.30682629337439005, -0.704232685595529, 0.3094506703139221, 1.488591437952772, 0.9350634823486377, 0.8031166449773751], [1.1577761526043073, 1.4949469489106886, 1.5436546941676794, 0.8018004614072984, -0.2107372396448671, -1.0979992829718248], [1.6429445901467585, 2.474895437764197, 0.8686855644437922, -1.7384860405246603, -0.0005197684726716517, -0.8288372174603654], [1.1378488742739137, -0.8862109666339775, 0.04472224816936696, -1.0002382476936698, -1.2410338565987038, -0.40426197649772005], [-1.1194791311380288, 0.1652851821289099, 0.9299566303465072, 0.6883854377575865, -1.1902120503812506, -0.6180898663095876], [0.7465322716631596, 2.6734808460922173, 0.023605643890201075, -0.4422643350466336, 1.4802428581358715, -0.38916733705843276], [-1.5339547434684135, -1.077456416164476, 1.4946135893979349, 1.1696991955302816, 1.101389393605759, -0.9726598661993205], [-1.0431714757202313, -0.7339087036261236, 1.0430404635986767, -0.2857936079743469, 0.9558542212557781, -0.2133455929775817], [-0.5668495997727443, 0.1384548096628928, -1.4486322268872789, -1.5589122530792843, 0.7895283099986568, -0.1091463727667393], [-0.13471550231662338, -0.6997233160368466, -0.14709412523769072, -0.7947610289208905, 1.3578085067938217, -0.4900934849419165], [0.030792096011711848, -0.790226890051004, 0.4580637532597499, 1.745525473011069, 1.4617622013295242, 1.3350486582785477], [-1.18695408018654, 0.04107802294910777, -1.3402948658028628, 0.2907327622450189, 0.255899344715391, 1.4249233737153972], [1.4322932027553186, 1.0684464097160395, 0.9757756773673385, -0.9785353727977374, -0.2939001952734291, 1.3605401156989363], [0.08121472605787057, 0.2968021874547566, 1.6373195664707558, -0.16922816700103216, -0.7004746450130588, 1.3925777177740861], [-0.6126826863132916, -0.38940491440337616, -0.9111029153347632, -0.9190274900185675, -1.527484037097082, 0.0898564247387487], [1.5569867700447133, 1.0030040898936248, 0.6011335110461576, 0.8231532899339417, 0.42453533807330546, 1.186297147681884], [0.9019359466663149, -0.8294712030884188, -0.3688098087233709, 0.41044862054193637, -1.199452378784423, 1.6393673712595003], [-1.4637918806385013, -0.8342440583475252, -1.6843101606182482, 0.5182629022830197, -0.903761869882875, -1.4432891601450784], [1.3767753134663274, -0.39692554910975975, 0.17663606407244162, 1.1518468306965304, -0.8529400636654215, 0.047036937349784896], [0.6648730353274966, 2.4988651083398983, 0.4701551312637351, -0.8745716011188353, 0.8426601983169033, -0.26448253475141786], [1.0278210633639548, -0.6170189187552352, 0.9893221782256718, 1.42103248867995, 0.1634960606836566, 0.6367675572793597], [0.015721074281214015, 0.796830293393398, -7.4748275196464e-05, -0.6456412756036777, 1.420180723515243, 1.2093241741734184], [-0.7894857573750595, -0.030176038608370172, 0.2166519425670056, -1.627521341459974, -0.9453433476971559, 1.0326552819607655], [-0.6811309649656376, 0.5270585769737232, -1.5733743658653538, 0.0779045697171658, -0.5272184874535581, 1.277789145915786], [1.4496434091097332, -0.6529734246187866, -1.649040754291438, -0.4282624802750643, -0.009760096875844063, -0.6786224509997081], [-1.0720423022253296, -0.528457610761345, -0.17602335341341452, -1.1749113859689968, -0.356272411994848, -1.515489285014025], [1.5016801729473033, 3.5666371452261103, 1.4005502905990255, -1.4118927779778068, -0.49256725594165646, -1.6275053720773531], [-1.6036950219151636, -0.42645100388296936, -1.614897335887635, -1.4535482959232253, 1.0621179978922737, -1.5524942556801806], [-0.5795860159766143, 0.6575818648008287, 0.6708927935992346, -1.3898398567125851, 0.5377293610121804, 0.6078104938652561], [-1.1961331671977589, -0.8513104035721214, -0.4461045489150345, -1.2666235347227757, 0.3829538602590245, -1.503821744835199], [-1.1764241086717833, -0.6245621379502265, -1.0275993581382008, -0.6624435013295605, 1.226133827048602, 0.9533314114380762], [0.8081880259271992, -0.7462699470574368, -0.7151810167315098, -0.3904574723918267, -0.788257764843207, 0.010686581149118331], [-1.5780628544121351, -0.7863799988248158, -1.7156472706600947, -0.661393362221693, 0.8703811835264231, -0.4393416105007057], [0.3634733835560823, 1.634315828109166, -1.670278618808466, -0.651592063881594, 1.5888167168731577, -1.071699184152888], [-0.1822631730347408, 0.827289240362395, 0.3293200264322183, 0.6614318673223163, -1.294165744916953, -0.5426551758464925], [-0.39975211429793495, 0.016890035650198407, 1.1667432291093607, 0.40274760041757335, -0.7767073543392389, -1.3846434053848304], [1.3665466931100516, 0.6131431193836294, 0.43022586722478745, 0.8102015742702399, -0.9892349076122274, 0.9466697465835101], [1.387772898847694, 0.4663514715960685, 1.2715986890780162, -1.7545881735119655, 0.6139620703383605, 1.5577330967409717], [-0.8941619873671531, 0.34008159579009106, 1.0196545605823737, 0.3946965339239211, 0.11729441866778942, 1.0983862756414584], [1.7070735021941998, 0.595594971735401, -0.19601396976957305, -0.9141268408485188, -1.7122906051605509, -0.640423771602379], [1.6917738692400286, -0.5536619000476034, -1.403817907551592, 1.2953658421051153, -0.4810168454376909, 1.703750629275961], [1.6558057033817244, -0.21183060864344067, 0.49345441982442245, 1.4595375893017657, -1.3542278795375788, 0.10629879984222447], [-0.7044700926190675, 0.018636569435865002, -0.832370375179875, 0.7804476328806553, 0.043371791442402434, 0.15420117602195574], [-0.5041650950021626, -0.7967688635843847, 0.5284120141110151, 1.756726956828323, 0.3205816435376056, -1.4321607142319366], [-0.5889590761473142, -0.9618163063298834, -0.5704655842883993, -1.1696606904296583, 1.639638523090611, -0.5711116517281657], [-0.23017107962046848, -0.9517285680850848, -0.2095258248456594, 1.841088131827029, -1.7192208514629301, -0.956063464162786], [1.2868133331435399, 2.847780401004028, -0.5923270728858624, -0.5360767620161476, -0.5687999652678365, 0.02470303205699357], [-0.9577540094195994, -0.8978796190813193, -0.6451099221382153, 0.6540808935672424, -0.6080713609813244, 1.46123522318281], [-1.0759183016085574, 0.4746776197294622, -1.0728813955342136, -1.458798991462564, 0.1889069637923833, 1.6245037722197793], [-0.39134545611822513, -0.07965865314796916, -1.2470284199956199, 0.8263037072575444, -1.0308163854265084, 0.36190649524494134], [1.5067650407708764, 2.419239729671811, -1.054571099617004, 1.0643352383742226, -0.5919007862757701, 0.1630577246725122], [-1.6334110171865825, -1.001760738514139, -0.3996272320315218, 0.3568915260406843, -0.3054506057773946, -1.5943510747375376], [0.5442182663230407, -0.2509845837264247, 0.38622572377189035, -0.7874100551658166, 1.1984128418390796, 1.5807601232325499], [0.939545956767378, -0.16629275144733033, 1.2385292899238503, 0.04955081380473801, -1.6845696199510285, -0.14645939729896904], [-0.8639749144227097, -0.4826939086791571, 1.136133680494688, 1.4682887485339964, 0.5746906746248751, 0.20148744446945158], [0.9603772885732177, -0.43920371178348355, 1.4888104208716668, -1.4192437517328806, -0.2777296205678748, 1.5347830837159888], [-0.28981782616129803, -0.9025320237345175, -0.7778725597063263, 1.6065570644032434, -1.5783058433145354, 0.5967590614186218], [0.7393518009558913, 0.4394533456642283, -0.8090191179458178, -1.4552985277696713, -0.746676287028926, 0.8899108217531786], [1.0106440473305065, -0.7370855883569484, 1.4573000819185886, 0.08490549710295046, -0.06982223149647243, 1.2889560985621815], [-1.6259776886107038, -0.7441319488025689, 1.2039874450242143, -0.23888739448958948, 1.145280953520833, 0.7224065320572436], [-1.1430330147894583, 0.2547950386443259, -0.33875459262464, 0.371593473550832, -0.8159787500527268, 0.4055346240324095], [-1.3934627551004637, -0.8745122015351585, 1.56104687685536, 0.5441663336104231, 1.524134418050943, -1.7061361214012993], [0.9270589346257, 0.14585499376336847, -0.07541200176994009, -0.29909537000733705, 0.6901947796645431, 0.7299153450436117], [1.2574679651589906, 0.6367363818158676, 0.9487866129974122, 0.6243269521776571, 0.7363964216804103, -0.9423935738542384], [-1.2125827838831498, -0.4128551417410987, 0.1506344044965371, -1.3495845242443232, 0.7664274889907232, -1.4775216460162621], [-1.6825104731805554, -1.2226671497494936, 1.610105304516228, 0.3491905059163205, 1.0852188189002072, -1.6531893631640544], [0.6319149172475892, -0.5769163951507253, -0.05538673963153496, -1.0016384331708266, -0.4001639719099221, 0.5152403070999422], [0.42578379723337595, 1.9609176460288305, -0.3950193429927538, -0.24098767270532465, 0.21431786690111002, 1.6489555478420972], [-1.486788091456421, 0.581186068003651, 0.12099493778476271, 0.6271273231319714, -1.6568486347415086, -0.18292527369948447], [-0.27648909905972596, -0.15501556346918968, 0.32540505303837836, -0.10551972779039191, -1.3241968122272658, -0.1997912228688393], [-1.2520528580313937, 0.27561040897780986, -1.2176314737595704, -1.5435102128305582, 0.2859304120257039, -0.5961410283494215], [-0.34844621361484873, 0.19083576690715406, -1.10899962352606, -0.6725948460389479, 0.9443038107518126, 0.8759328775785571], [-1.1021774180734845, -0.7718431163242886, -1.5115316445555735, 1.1735497055924626, -1.409669849956621, -0.341996588810742], [-0.7586197783724249, -0.3236087709261066, -0.9657912826106668, 1.3272200617104357, 1.1129398041097271, 1.4146420759340572], [-1.5157455131220046, -0.09619049880884833, -1.1955621104686291, 1.4717892122268883, 1.3485681783906494, -1.2100923835016604], [1.567104548595571, 1.3757535462018087, -0.989714195251789, 0.8011003686687194, -0.9638240045035008, 0.7544826408656908], [0.8444956448145949, -0.8180133392014162, 0.5650326059454341, 1.1679489636838347, 0.7964585563010361, 0.6641843513629185], [-1.2811522957601695, -0.6697988686315667, -1.3311310563986964, 1.7878810836950652, 0.031821380938434354, 1.1246863744603515], [-0.8358176320399909, -0.9773243218405443, -1.1622675137298621, -0.20388275756066623, -0.3793732330027816, 0.8306104525274852], [-0.4868252800670073, 0.22662465318758174, -0.9741409161320432, -1.220767460345886, -0.9337929371931879, 1.6859220117749993], [1.4587462923797305, -0.18928376085002863, 1.3597375591127956, 0.6747336293553072, -1.679949455749442, -0.32474557230871814], [0.6885100503329927, 0.6903745422592941, -0.4510415728851429, -0.7716579685478007, 0.8634509372240438, 0.39117161252511895], [0.4684752113515936, 2.8646660703197617, 0.858326475552126, -1.980718128072809, 0.7548770784867551, 0.8488626440943698], [0.1972418496861041, -0.8157398340149018, -0.69295574742046, 1.2218561045543768, -1.2687548418082237, -1.0220640049762992], [-0.5478229111113744, 0.7332399016368194, 0.07188454145052543, 1.3020167231216107, -0.3377917551885006, 0.6923327733784741], [-1.6751983778293542, -1.1749461253213, -1.3726713493121006, 0.7849982356814149, -1.1116692589542774, 1.2411307358490016], [-1.4485407409742002, -0.49387323053999754, -1.2791797059202563, -0.5329263446925449, -0.6357923461908442, 1.71946137644744], [1.6700003820881317, -0.9304991487937918, -1.0820105591561333, -1.404891850592022, 1.2838858795684347, 1.6091395856476718], [-1.3651253547839417, -0.8188640216056418, -0.4839204202369532, -0.5203246753981323, 1.0551877515898918, -1.0816724280681103], [0.061069227923058904, -0.24767972022682264, 1.5830296256906853, -1.1826124060933598, 0.9789550422637118, -0.5838958871716576], [0.997398451582997, 0.804125083213704, -1.2012093729747884, -0.5178743508131072, 0.6024116598343949, 0.9731238723354619], [1.591403150627158, 1.7093716119156168, 0.1156248415365744, 0.8077512496852148, 0.6278225629431217, -1.1487896641462894], [-0.3685813203304011, -0.05527493361445914, -0.947792798733675, -0.7068993902292928, -1.1648011472725237, -0.720209722924201], [0.2506572084785632, 0.8552714217474076, -1.629292658411004, -1.1108529003890666, 1.300056454273989, 1.2202985931535013], [-1.0280311778613485, -0.8373306051239189, -0.5170591109556114, -1.0996514165718116, 0.8911719224335636, 0.25582044510413876], [-1.0079168539843109, 0.23388180219354165, -0.8849973184121191, -0.2084333603614265, 1.3277774394835087, -0.8831317113618427], [-0.20622232203723628, -0.7440792516624841, -1.4331282393320257, 0.14581356535927717, -1.053917206434442, 0.4620625084631308], [-0.0928311550941074, -0.6255859681004448, 0.3570020064470724, 0.682084603110381, -0.250008635358355, -0.15966720680833996], [1.1180705396195492, 1.5915106940345944, 1.3183358493283768, -1.5116559932252378, -0.6750637419043322, 0.2159659761765034], [-0.8816368633548642, -0.1615424806768319, -0.01933780320418127, 0.683834834956827, 0.6509233839510552, 1.0104754036009893], [-1.6624792806575843, -0.3892543511459912, 1.0254577291086415, -0.30644634376241087, -1.1001188484503093, 0.9216788766955081], [0.7833421424813578, -0.3459071893448334, -0.8698051428970835, 1.6289600320377542, -1.3796387826463055, -1.1844854058815104], [-0.6608711612189853, -0.29703435599764405, 1.444030747318227, 0.6722833047702821, -0.5757302115702184, -0.01010705481317189], [-0.21156697534225682, -0.9341277232967715, 1.6679117921943054, 0.3862954210609797, 1.6257780304858525, -0.5164705972273608], [0.14363944534700096, -0.8110497885473573, 0.4142195158269617, -0.03130989750107429, 1.385529492003344, 0.9912605437025415], [-1.701938963386569, -0.6452946984921487, -0.3060489741840615, 1.4623379602560793, -0.7974980932463794, 1.4793333878166357], [-1.3830436253911254, -0.1125793093752115, 1.3741848503095337, -0.5077230061037198, -0.7189553018194061, 0.3267883545086582], [0.036580116538409306, -0.9559217548032584, 0.43488572493692457, 1.115091961921161, -1.3426774690336132, -1.2663892275328152], [1.472528778122235, -0.39538980388443223, 0.28641122512008255, -0.3474017689692512, 0.5053882116010743, 0.5705744827994901], [-1.1601615375330363, -0.06016823947947357, -1.2976978765309441, -0.0733154618157822, 0.40374459916616495, -0.47438273777043755], [0.40591886741852634, -0.40118648929375694, 0.1960723479126585, 0.46890636421323795, 0.8195593773089697, 0.18269615863688282], [0.45602975488694897, 0.18668022100332632, -0.35614677531232064, -0.9116765162634937, 1.7089409861144118, -1.5675888951194243], [1.7256949255045075, -0.8940553123437388, -0.5408780862499947, 0.7468431814288888, -0.5179781590503831, 0.540693257787077], [1.4037756845049936, -0.3732193642344826, 1.1908393706617149, 0.12236045861689808, 1.1706918566295599, 0.3734200084907085], [-1.303227134070547, -0.396963189924106, -0.2465101973936652, 1.3828774344274237, 1.4063202309104819, 1.1501008184142325], [1.2391721396521005, 2.6369015027105176, 0.7135937202178926, -0.7870600087965275, -0.43712528552261687, -1.4595775083154954], [1.0656215828180842, 0.40917507460409336, -0.8639673285885694, 0.8326045419047506, -1.081638191643962, 0.2658707024859124], [0.3790812952815751, -0.3733021740260445, -0.2715417750666716, 0.22387390571077592, 0.911962661340704, 1.4946975743887432], [-0.30958230558998473, 0.5492064321350649, -1.4979504979149947, 1.3471727047599222, -0.030550835782984554, 0.07861245862580173], [0.44417660932000647, 2.4151142964194605, -0.28515756748949717, 0.2938831795686224, 0.30441106883205127, -1.3589209075648754], [-0.7635002816172578, 0.4705672428028501, -1.2480331476807647, 1.1178923328754746, -0.46484627073213663, -0.42382339699553934], [0.13266264280415296, 1.3953041851732584, -0.5752120564561528, -0.25954013027765427, 1.2792657153668485, -0.7483966516730541], [1.5958056485861256, 1.9617758565959253, -0.928806910062661, 0.7338914657651872, -1.134770079962211, -1.2333889571260586], [0.6004323807023193, -0.4777253211854502, -0.6198704697717308, 0.7314411411801628, 1.2423044017541538, -0.10229217424581677], [-0.47881003201268174, 0.15151617224104652, -0.013846446718130628, -1.6345222688457588, -1.4373908351661406, -1.21817879748701], [-0.9091775881949399, 0.0002000985690647603, -1.3593846918206156, 0.27883118568918475, 1.572646142167606, 1.049983311929297], [-0.0788096667086703, -0.9018394327505462, -1.392627319886013, -0.676795402470419, -0.8783509667741483, 0.7046934347560432], [-0.032391196883253925, -0.5353835206010575, 1.6851653917530003, 1.549499506209098, -0.2269078143504214, -1.6855350191053655], [-0.9260671082955853, -0.7169251681930893, 0.825846054696149, 1.653463277888, -0.8367694889598672, 0.8548696944834467], [-1.4243287341030983, -0.589676631214109, 1.2598364460053713, 1.2285069855708723, 1.0136062737756135, 1.1368930089048617], [-1.341966345064311, -0.9949552792803342, 1.0610216245845456, -0.5262754636760494, -1.6291276495319889, 0.7750837431616246], [1.1029718074376997, 0.3488217928812935, -1.5369616487244133, 1.0048273555950527, -1.6198873211288163, -1.2599200963445618], [0.49127744901002857, -0.7783098082289768, -1.1303414253898272, -0.6347898381557111, -0.16222551552820683, -0.8068113660336919], [0.6961893091646452, 0.3494767430509186, 1.0827272071618996, 0.3565414796713943, -1.559825186508188, 0.47149665811266894], [0.5153751502692978, -0.9737333881519107, -0.13768779535779985, -1.1763115714461536, 0.45918656958520715, -1.2923812724856343], [-1.5609862887648498, -0.8266180293609721, -0.31697971848279305, -0.7139003176150774, 0.12884482917175752, -1.056412011047288], [1.0817005722166055, 0.26536457931275687, -0.4877141333929314, -1.0870497472773992, 1.0297768484811651, -1.3878009575124277], [-0.6550969959179656, -0.4425236316088241, 0.9677378558861797, 0.48815891452414595, 0.1450154038773092, -0.662103062429681], [-1.3224374044721425, -0.6346649325207638, 0.7673986200465132, -0.8189142284018472, -1.4512513277708994, 1.5660890578591415], [0.9766086854541906, -0.6440450234558528, 1.3448398727468538, 0.2350753895280309, -0.7351258765249605, 0.33895648221991453], [1.3253377881393082, 1.449544598646225, -0.6948785883351336, -0.5042225424108279, -1.007715564418575, -1.3078994859908006], [1.1894769089539992, 2.220556455226491, 0.26087728360450363, -1.99857049290656, -1.060847452736824, -0.13267398679066023], [1.5379704728026027, -0.04373425993589446, 0.6063303783831135, 0.7436927641052853, -1.4905227234843872, -0.06694299311001094]], "alpha": [1.70803801854992, 3.3906352359976166, -651.2904978415191, 142.112620559458, -18.178663492408624, -269.4116014346238, -0.43157446940071476, -12.457916594280967, 253.23939807684778, 120.09566166319064, 212.90994210417784, 17.847187134015325, -20.394398106930947, -225.14145974781428, -257.9960924935731, -2.9922356450338343, 84.89523991401508, 245.4025331084087, 84.8244738604481, -64.41594125653751, -89.80123443921062, -5.779477511411614, -191.6757162794608, 157.49940804285, 98.7501487132264, -186.7014740122808, 141.36717843636737, -217.53955066295777, -112.69643016899448, -321.9772903561406, 169.84208480695972, 211.46961308562024, -116.12302956100521, -24.432048403793065, -9.327125937812204, 153.84866976712718, -197.68910083819813, -174.90830487857934, -123.88116973699577, 67.52768831886915, -29.984316743457363, 48.80023915445659, -43.736565214759814, 176.68879440310565, 342.5890403393473, -32.73108116530483, 323.42339951855797, 87.60430237662418, -126.4837398496877, -38.43938496214416, 398.7179216458933, -258.1177807198965, 98.09207598802526, 185.05635028304377, 51.50903191779429, -13.02326415548098, -86.09425885908092, 137.13113671622875, 66.6564945163107, -14.20882606883853, 82.0724096884102, 74.01090122828101, 21.745068194312978, 162.27554210478758, -49.91816498986986, -19.377394040900658, -5.565141306215552, -148.9024349427962, -215.73911942918767, 90.35662879028975, -294.3039121465534, 438.5419113509566, -103.67045681264042, -146.8829787712184, -468.1702144135819, -116.18147623240257, 41.19079062366643, -58.33553653181744, -30.50245977201008, -64.69720490567269, 168.41121335049027, -154.06769113791628, 78.64016667491029, 2.4222924580546166, 136.7970100093043, 14.97280244356617, -50.543662407879516, 11.954083281287192, 74.28126092287148, -45.669364387868185, -118.34936399186763, -244.9663847789999, 11.127039504680988, 180.9004688218632, 21.023947682192656, 131.01167851084102, -159.44965901893366, -10.987047233559869, -276.40057116277677, -184.02556362539275, -56.62150984593779, 153.94885536013544, 273.28463931740316, -11.437381478456622, -373.78034500001155, -7.264462513095709, -40.22744054649674, 19.656111949507235, 693.4694201668332, -137.77481068200984, -233.78861366903809, 69.69125356406525, -19.393524695313594, -180.80984353515487, -37.45014201908675, 81.32056309286816, -244.5543115495446, -304.1232148289885, 41.53479045446778, -77.29518458421859, -46.26612231261634, -85.68427304614015, -325.0749652951246, -72.63855561940612, 4.7840580195251, -11.717943815632484, -63.2487311099488, -112.21833424498314, -17.467747822659533, -135.00288081988685, -6.411480399874047, 83.42832330156324, 43.18295179845668, -116.47929460857796, 197.05442742062186, 184.3352565938925, 110.27774696774792, 314.0188281272343, -254.916846124311, -1.045317447304052, -288.43962252703506, -54.09576909777844, -66.65631311246558, 308.32772832891, -17.889667440219913, 16.84422769652624, 244.92261428318855, -55.08942835183872, -54.67352360163401, 116.04763834800217, -24.533266851279677, -322.10455583207306, -55.55821844375232, 457.2855365569602, 88.9495150690567, -119.4960777047051, 132.0658240849892, -2.5073381861362605, 61.40628947551239, 129.88448894449036, 210.03572111374814, -120.13605817154979, -14.287519544359618, 197.1956841304143, -118.7069687859817, 242.73439202697446, 88.82265321732345, -58.635903502014614, -81.43474319717457, -74.290275674922, 553.9694772681554, -15.049050474535626, 9.62760698551583, -53.16406361491127, -155.10673470960097, 27.80078205291368, -6.933339721014366, 25.33547497722918, 165.22900997975523, -19.759287426217544, 203.14528312885554, -146.50955181039282, -6.675237718604997, 22.21193081221656, 110.02560594835735, 90.986189602832, -83.1928698995263, 88.89986514486469, 45.85665708669543, 48.59555684946478, -21.63387629709944, 27.13204990974672, -8.66481186376976, 259.96017382922474, 28.172187405950446, -174.05594283852633, -160.4794194669476, -14.838573765686842, 29.953811126846723, 145.51849653024985], "y_mean": 67.38236360989737, "y_std": 15.235411436024721, "r2": 0.9999938212332357, "cv_r2": 0.9895293458192869, "ard": [0.17423715938483414, 0.7256341557011683, 0.010204930289185291, 0.058883518340591946, 0.020835305995035126, 0.010204930289185291]}, "mlp": {"activation": "tanh", "weights": [[[0.854970810520866, 0.4924044603438668, -0.07676231390883945, -0.06437733713851294, 0.10797002479859169, -0.14075403868631223], [0.5231941646641828, -0.008144343821602694, 1.114432143432652, -0.0780000427151004, 0.9309507632016446, -0.01039998985631569], [0.04025304066301267, -0.028737118008783286, -0.03056359619055891, 0.0719660694812015, 0.006440355197041093, 0.019286330213449936], [-0.10082561910868232, 0.09537000217640404, 0.18209986903195893, 0.29404770475429726, -0.14487394667239067, 0.07358451387672586], [-0.08700791582901223, 0.01901516192917278, 0.07081477403181949, -0.017281142031664882, -0.029101992783637076, 0.05730904640580247], [-0.11633653321414679, -0.04505391214658104, 0.037277206618190346, 0.002706456621037218, -0.016307525775943472, 0.014387157203494582]], [[0.1284743504461164, 0.18566688196709155, 0.19627586666242228, 0.3971291774347089, -0.47757615755174637, -0.6222925134720787], [-0.5523669812590453, -0.19250597121738186, -0.2034333865042509, 0.3019329602760377, 0.8450313728484514, -0.4411053559207705], [0.01617612513913807, -1.1627894896838733, 0.4044745673157793, 0.2519501297653139, -0.008164984350093796, -0.21525132732810304], [-0.4147585361077122, -0.1861783491672689, 0.525775005605236, 0.08255232445499197, -0.421969162033608, 0.2350155572139829], [0.8143327423975341, -2.0044236848617007, 0.3289989312048636, -1.1583552379586168, 0.6386040089656462, -0.19905971690983687], [1.071781615779803, 0.12460696841278576, 1.2005134400037225, -1.0086759082533023, -0.9635668796236262, 0.35965640154954154]], [[1.1018670409136213], [-1.6311511519371187], [1.718177777390281], [-2.0066845318913673], [-1.606510187920498], [0.33495078838869297]]], "biases": [[0.20076275626655107, -1.2552413530581108, 0.8308526308247312, 0.8450576553979137, 1.3618052104227871, -0.4188619167151461], [-0.2507241461985765, -0.5550470457541459, -0.863880892472362, 0.8202727938749855, -0.2809930711999794, 0.415289322809655], [-1.232539935203634]], "y_mean": 67.38236360989737, "y_std": 15.235411436024721, "r2": 0.9998835574911842, "cv_r2": 0.9995987516170827}, "sobol": {"S1": [0.5995022792859154, 0.21069446456130686, 0.01732984916748899, 0.10748209226647937, 0.04290559187155811, 0.007093618810591866], "ST": [0.5980746961821507, 0.23519208864931385, 0.015827505760586256, 0.14361655120041944, 0.03724105025741061, 0.00546791618025917], "se_S1": [0.017975431245222204, 0.015962284494129484, 0.004979432829363993, 0.009120343215461815, 0.0036062788074139054, 0.0003871067611479455], "se_ST": [0.005384449692213962, 0.0009389090829987212, 0.00014947205859861036, 0.0007524393402076783, 0.0003112804488387238, 2.030022698912216e-05], "interaction": [-0.0014275831037646736, 0.024497624088006986, -0.0015023434069027335, 0.03613445893394007, -0.005664541614147499, -0.0016257026303326955], "resolved": [false, false, false, true, false, false], "sum_S1": 0.9850078959633405, "S2": [[0.0, 0.013505065583335418, -1.9946217895317744e-05, 0.003858307041450848, 0.002768416052219681, 8.108615648799895e-05], [0.013505065583335418, 0.0, 0.001030711235125161, 0.01976383850741545, 0.00016075251511848097, 0.0008759566244739368], [-1.9946217895317744e-05, 0.001030711235125161, 0.0, -0.00016129275189973036, -0.00010235422524565267, -8.818418759876231e-06], [0.003858307041450848, 0.01976383850741545, -0.00016129275189973036, 0.0, -0.0003606444004978452, 0.00045687812715451866], [0.002768416052219681, 0.00016075251511848097, -0.00010235422524565267, -0.0003606444004978452, 0.0, -2.469142511735481e-05], [8.108615648799895e-05, 0.0008759566244739368, -8.818418759876231e-06, 0.00045687812715451866, -2.469142511735481e-05, 0.0]], "se_S2": [[0.0, 0.0007458361891697688, 4.0933019547119995e-05, 0.0020003573046526125, 0.0022511614504501882, 0.0002462942624525081], [0.0007458361891697688, 0.0, 0.0005317428624450433, 0.003765310045273299, 0.000571034561087367, 0.0005996400461160262], [4.0933019547119995e-05, 0.0005317428624450433, 0.0, 4.000428666827511e-05, 0.0001439474017443539, 8.260593618183076e-06], [0.0020003573046526125, 0.003765310045273299, 4.000428666827511e-05, 0.0, 0.0006148456391464278, 0.00018374507356281445], [0.0022511614504501882, 0.000571034561087367, 0.0001439474017443539, 0.0006148456391464278, 0.0, 5.4333684906498544e-05], [0.0002462942624525081, 0.0005996400461160262, 8.260593618183076e-06, 0.00018374507356281445, 5.4333684906498544e-05, 0.0]], "resolved_S2": [[false, true, false, false, false, false], [true, false, false, true, false, false], [false, false, false, true, false, false], [false, true, true, false, false, true], [false, false, false, false, false, false], [false, false, false, true, false, false]], "sum_S2": 0.041823264403365715, "n": 131072, "reps": 10, "max_input_corr": 0.43012607544020887, "max_input_corr_pair": "CP~Rmax"}, "sobol_kd": {"S1": [0.545552943400567, 0.29521440031878005, 0.014849313171171028, 0.0661426527946125, 0.028873704070200124, 0.005805997391195824], "ST": [0.5537607937285662, 0.3515298605071769, 0.028229376724187943, 0.09903614212260269, 0.02426623188179065, 0.003959925395308804], "se_S1": [0.01536890239132771, 0.018260097027736698, 0.003918941404646216, 0.006657780245063775, 0.0020872608189540756, 0.0002686735411728265], "se_ST": [0.004452180185707616, 0.001924600443407207, 0.00034421010113659916, 0.0005206287316736, 0.00022718508271200746, 2.3217390091746636e-05], "interaction": [0.0082078503279992, 0.05631546018839684, 0.013380063553016915, 0.03289348932799019, -0.004607472188409473, -0.00184607199588702], "resolved": [false, true, true, true, false, false], "sum_S1": 0.9564390111465265, "S2": [[0.0, 0.024505001341626004, 0.0015149369244586673, 0.0005080089090688973, 0.0016266178166635071, -2.4604968475913083e-05], [0.024505001341626004, 0.0, 0.015132885231980097, 0.019510110765317838, 0.0002822074931561709, 0.000500994984535772], [0.0015149369244586673, 0.015132885231980097, 0.0, 0.002688426358892342, -0.00012731704503786932, 2.4047777363532183e-05], [0.0005080089090688973, 0.019510110765317838, 0.002688426358892342, 0.0, -0.000101038495452563, 6.397248288899011e-05], [0.0016266178166635071, 0.0002822074931561709, -0.00012731704503786932, -0.000101038495452563, 0.0, -1.0763169106436541e-05], [-2.4604968475913083e-05, 0.000500994984535772, 2.4047777363532183e-05, 6.397248288899011e-05, -1.0763169106436541e-05, 0.0]], "se_S2": [[0.0, 0.003193537257483152, 0.002064191169057636, 0.0016656965712665932, 0.0012667174548701369, 0.00015851080289024875], [0.003193537257483152, 0.0, 0.0028921077271243274, 0.003558603451780763, 0.0006040648620933997, 0.0004708921951063628], [0.002064191169057636, 0.0028921077271243274, 0.0, 0.0009046113050942693, 0.00019640389278495024, 0.00013485571502464162], [0.0016656965712665932, 0.003558603451780763, 0.0009046113050942693, 0.0, 0.00040441987358977245, 5.1733391492940626e-05], [0.0012667174548701369, 0.0006040648620933997, 0.00019640389278495024, 0.00040441987358977245, 0.0, 2.922875639902397e-05], [0.00015851080289024875, 0.0004708921951063628, 0.00013485571502464162, 5.1733391492940626e-05, 2.922875639902397e-05, 0.0]], "resolved_S2": [[false, true, false, false, false, false], [true, false, true, true, false, false], [false, true, false, true, false, false], [false, true, true, false, false, false], [false, false, false, false, false, false], [false, false, false, false, false, false]], "sum_S2": 0.06609348640787904, "n": 131072, "reps": 10, "max_input_corr": 0.43012607544020887, "max_input_corr_pair": "CP~Rmax"}, "shapley": {"shapley": [0.5554195789799635, 0.2431912686586079, 0.0387219549881105, 0.07453897883563876, 0.06313935942662445, 0.024988859111054716], "se": [0.0013057493302268061, 0.000963534070752688, 0.0005837617765830324, 0.000481189476754409, 0.0007254043394119081, 0.0002819074432721606], "sum": 0.9999999999999998, "n_joint": 20000, "k": 40, "reps": 5, "max_input_corr": 0.43012607544020887, "max_input_corr_pair": "CP~Rmax"}, "shapley_kd": {"shapley": [0.4497980246959359, 0.2927876984594006, 0.11652224811580322, 0.05788593979561968, 0.05778699098300547, 0.02521909795023513], "se": [0.0014081056625151586, 0.0011780431034885343, 0.0008464644136712252, 0.0005684560263010521, 0.0007358797316313478, 0.00022448870700046128], "sum": 1.0, "n_joint": 20000, "k": 40, "reps": 5, "max_input_corr": 0.43012607544020887, "max_input_corr_pair": "CP~Rmax"}}}, "windmax": {"all": {"scaler": {"mean": [940.0018329999999, 18.755542, 15.0035315, 1.5079444999999998, 0.8750224999999997, 1010.5001474999996], "std": [28.869973634207057, 13.283453312152526, 5.772708452005676, 0.2856764382474516, 0.043288504752994166, 2.596948417199265]}, "y_mean": 121.61041580000001, "y_std": 31.653130964736715, "y_range": [57.98892, 204.23631999999998], "gpr": {"const": 21.107745530852704, "length_scale": [4.890158734179374, 1.3086770952510038, 28.950951623612113, 13.191599538032046, 33.211310789164465, 34.464439410208456], "x_train": [[-0.950587393938009, -0.31334035677244576, -1.4632873927774956, 1.3289702935568817, -0.19687674704010594, -0.7304140072390335], [-0.03734444006289021, 0.13537579104936837, 0.9162715463591888, 0.5571180492741249, -1.3934992752510666, -1.3365484955388303], [1.6238936548404554, -0.15073203879658492, 1.3046507653410582, -0.320098152164691, 1.5495453211596724, -1.125762637654755], [-0.42041025578280844, -0.7970474056105471, -1.3146396640494216, 1.3265199689718574, 0.07802302295430154, 1.2509884595644625], [0.23363952754040332, 1.6696454964545695, -0