{"config": {"model": "powell", "land": "roughness"}, "vars": ["CP", "Rmax", "VT", "WSP", "CF", "FFP"], "note": "GPR/NN predictors are fit for the default config (Powell + roughness); Linear/RSM stays live in the browser. Sobol' indices are fit for BOTH land configs (sobol = roughness, sobol_kd = roughness + Kaplan-DeMaria decay) so they follow the viewer's decay toggle.", "responses": {"wind": {"cat1": {"scaler": {"mean": [982.4934470000003, 24.656509999999997, 15.000644999999999, 0.500623, 0.874989, 1013.0019059999997], "std": [3.0590001678148018, 5.799286693404631, 2.0331424978773627, 0.2884528432361172, 0.0432615369468076, 4.04187463568132]}, "y_mean": 56.3592693457478, "y_std": 7.961580259053073, "y_range": [40.00637637829915, 75.36534651026406], "gpr": {"const": 146.49113283702746, "length_scale": [27.16263238821549, 6.958539798127056, 100.00000000000004, 8.842256797914303, 45.41595027983767, 15.708834101707708], "x_train": [[0.6594484764088067, 0.3282455413292296, 1.6851032348086101, 0.5521769111827459, -1.6247457894624542, -0.4283918122334015], [-0.0929869187302255, 0.1832621934709117, -0.3979775155183471, -0.6022578874627232, -1.053799823525783, 1.0101238578647913], [1.6421878798353198, 0.7069817749591183, -1.4744883859000548, -0.08848240049798296, -0.8665665310526242, 1.2698548229799538], [-1.3514046332836094, 1.0631635106110475, 1.4542291074466263, -1.4602837513208422, -1.5345964264198217, -1.3786934287387707], [1.3631424554574307, -0.1661083596876737, 1.150758002669583, 0.9907234638213398, -1.1786220185078906, -1.4056858542427402], [1.7134529952458242, -0.1139122852386815, -0.5877822146001311, 0.5008686979096137, -1.585449913264383, 0.5212912793978943], [-1.4336864202048014, -1.8150525325762803, 0.19106137440221452, -1.6658632815300805, 1.5374164834175645, 1.3768843671872442], [-0.6768705087974405, 1.916147724277488, -0.5000362744182438, 0.028694464950115683, -1.4883659838338565, 0.7143452630894196], [0.3295694490660784, 0.39468474676430354, -0.5633372974082042, -0.7558358501654088, -1.6455494886261388, -0.894809049264347], [-0.6839643299185786, 0.04665918660440372, -2.1739474752086982, -0.4060386394046646, -1.4259548863428027, 0.6274054067915811], [1.0838028173002867, -1.4300224214525425, -1.0759919692219992, 1.6275693272182545, 1.4773169080558088, 0.892331980848863], [-0.1187142792017785, -0.44947079491076414, 2.1889538016377883, -1.0290174181331655, 1.3594292794615979, 1.3901702814820591], [-0.483637436691323, 1.2721547304068161, -0.04114074644906874, 1.1418746867070528, 1.6529925898824778, 0.40421689123589216], [0.8622925319693683, -0.27498381858127746, -0.5281700624137816, -1.330626509671171, 1.7107806431149328, 0.9647736140987243], [-1.2551640370595496, 0.4935934626676471, 0.5906398598493292, -0.052081303243396264, 0.9433552961879108, 0.8537360287075204], [-0.016360574453986285, 0.3081223768488949, -0.3664499663834875, 1.2292373201180613, -1.1832450627664866, -0.5900247323226762], [-0.741891754004519, -0.9280813804430528, 1.581372187811077, -1.7213316202037365, -0.3510970962191127, -1.0540915748322222], [-1.936693911407105, 1.3761330353052048, -1.491752301260953, 1.3713749379693052, 0.03030405511509904, -0.2238332658843561], [1.307536051185293, -0.5031842973582742, -2.02796656127381, 0.14517797616479353, 1.6714847669168642, -1.6911227131238133], [0.21714709498502546, -0.5294289043326268, 1.015302666760998, -0.3706775735002088, -0.43662341500314916, 0.0009139323539658871], [-1.09674626216084, 0.7321227979345499, -0.22543673179746132, 0.8652263475721926, -0.9544043719659585, -0.3699535821322251], [-1.5326403212816335, 0.7966997053714439, 0.771345344282207, 0.35387760042442495, -1.6825338426949095, 1.4832953865204892], [0.9425802032758436, 0.2612890308946618, 1.506660257801947, 0.1354710168969036, 0.5434619678193124, -1.20892072130686], [-0.8081879255882214, 0.5262526516357321, 1.7891293914704334, 1.5246062235552804, 0.20597973694176788, -0.49521723962680386], [-0.9646115848722516, -0.3229207485344326, 1.655838193099965, -0.14603080187190126, 1.084358146075107, 1.5162751328053448], [0.6361075165908658, -0.0796839377721299, -0.8565287488791852, -1.2664912430797561, 1.292395137711948, -1.7038643255294519], [-2.2199237095338935, -0.3278696330295965, 0.39512970725796087, -1.1888355689366372, 0.49723152523334724, 0.09411326037729273], [-0.7854353933287538, -0.2876405475689095, -0.9984764974021265, -0.20427255747924036, 0.05110775427878365, -1.6118773062592873], [-1.0277040953044603, -0.8859037794842702, -0.26448957737168677, 1.0964599844179967, -1.4953005502217505, -0.780406688558259], [0.9401611122022894, -1.1865269581904925, 1.2260109670632429, 1.0163775704579057, -1.3658553109810494, -0.1129936084528579], [-0.02665805672661819, -1.6778632467103454, 0.7987413581170235, 0.3174765031698379, -0.5845608312782368, -1.6375584590302417], [-1.0114569566076577, -0.8517444060176517, 0.22716312333355218, -0.5415893920384119, -0.8134015220787649, 0.2530741530106531], [-0.19318305576373962, -0.4563164644040743, 0.6327421719545395, -1.5733004913684165, -1.3011326913606978, -1.5305783968128637], [0.19138704409353044, -0.4048446169543739, 0.7119791168160986, -1.4259627167665174, 1.1814420755056334, -0.18125401355408427], [0.07585910012077265, 0.4342068487256819, -1.627699486610021, -1.2869451929656668, -0.4897884239770084, -0.26881239472599605], [-0.5443108560499775, -0.8104979540579588, 0.26788825700541413, 1.5821546249291987, 0.3400480204410675, 0.22086137756960786], [1.1711189288880903, 0.9799118926924039, 0.3329107530370598, 1.0635256583305135, 1.220737951703702, 0.10537041308519486], [0.5928254006259813, -0.029419135321250185, -1.871460069312618, 1.1425680409404737, 0.13432255093352208, 1.0506990896031063], [-0.06506930012445238, -0.6928283101729485, -0.07980011247090911, -0.9267476687036119, 0.5873808882759797, 0.6010315061616848], [0.37579370282314345, 0.7857328393821608, 0.2934152429664012, 0.19752622078805654, 0.37472085238054015, 0.18384884910588262], [-0.49243115964792256, 2.062820935134155, -0.9625714882469818, 0.056775311403654105, 1.4565132088921242, -1.4977965784877139], [0.26399246672046867, -0.3953434484636588, 0.4046715864033002, -0.2819282316223589, 0.7676796143612445, -0.8411210901959664], [2.123063956756497, 1.6506150680369744, 0.07301750868667184, -0.47433403139660374, -1.0792265669480636, -1.0054755197311238], [0.015316442441774675, 0.2543571439014355, 0.5688017446919539, 1.2618249690888346, 0.44175499413019, 1.1716083319843007], [-0.593804151798346, -0.7864432715814653, -0.17772733607076185, 1.5956750324809024, -0.3326049191847261, 0.477079121400121], [0.1349633793235852, -0.9069925799636614, -0.7555028738042987, 0.7945042157632811, -1.386659010144734, -0.013237916764512334], [1.4372843278202319, 1.5920044115942504, -0.4660494780809767, -1.0806723085230077, 1.1513922878247542, -0.6816901186583543], [0.5449993162931694, -0.6570480477079141, 0.03858804785297152, 1.1869427118793985, 1.6160082358137045, -0.7404747226889734], [0.11655867291254156, -0.22035641063466138, -1.0610397462313637, 1.3921755649719263, -1.1347030980512234, 0.2785821188168582], [1.8169835551104887, -0.006709445843442962, -0.15161013078119845, -0.765889486550009, -0.9728965490003452, 1.6839201146704899], [-0.560002257608249, 1.4689720392144805, -1.1254228379903832, -0.5655101130914261, -0.39501601667577996, -1.484065326283575], [2.0725572579908174, 1.1118074240635114, 1.084850177645071, 1.6965580734436145, 0.1481916837093101, -0.6332967325119179], [-0.42100259213789376, 1.7519206304379757, -0.42512760463292176, -0.9482416499396538, 0.24758713526913712, 0.9879064443885737], [0.1616714523925813, -1.3076453020721326, -1.3337210760342697, 0.6818341528324171, 0.9133055085070342, -0.2802427343986195], [-0.29223502810032354, -0.751283775115824, -0.31588784390199626, -1.5275391119626502, -1.7310758074101726, -1.1622344638128217], [0.8237832173117823, -1.0758581752986411, 0.891651717423966, -1.6665566357635009, -0.5914953976661308, 0.8046004127122298], [-0.8289790326529516, -0.24544570311014316, 0.24398437419801725, 0.23878079767658839, -0.7972208671736764, 0.6656302440084966], [-0.38788719676594735, -1.6985037161901748, -1.5590373047188133, 0.5840712059200981, -0.09914118412560202, -1.1218571600342124], [0.5661500179768901, -1.5241202008605872, 1.3905346049042808, -0.9978164776292339, 0.6775302513186121, 0.15262571346333767], [1.132773066330066, -0.5747793092883093, 0.6608267750060302, -1.1721950673345405, 0.6243652423447529, 1.5552669408660706], [0.40603234124271903, 1.868676368823878, -0.18220316597914293, -1.1385673870136364, 1.4934975629608973, -0.4633013561253453], [-1.1108031427234595, -0.9638616429080873, -0.06809409578745125, 1.3072396713778904, 0.978028128127386, -0.06808870259611462], [0.3697132847193161, -0.14388148820939475, 0.5379627847737685, -1.4120956320981035, 1.4033481999182649, 0.755316350747146], [-0.25182966908777266, 1.3582515258226797, 0.4852857096982067, 0.39825227136335, 1.0219470485840532, -0.16183233250861803], [-1.5106723591000684, -0.496114462365183, 0.8628785251558012, 0.3088095752520793, 1.2739029606775638, -1.0008736946681214], [-0.13983229046563153, -1.2640709776147143, -0.023286611759592468, -0.7048743140089871, -1.3242479126536804, -1.2443250850980399], [-0.4378054679732277, 2.185801577013975, 0.9770367802915426, 0.43153327456754353, -0.26788229956437687, 0.34115209507675714], [-1.7008652221542908, -1.0235586398497496, 1.275245096055433, 1.4875117720672728, 1.3478716688151078, -0.8113576732562298], [0.048954884532310276, -0.053059973798147746, 0.9235727461112099, 1.4528440603962376, -0.16617532587525186, 0.03587295823582202], [1.030321290322522, 1.50275205568147, -0.10768797574620592, 0.7421559711400181, 0.8092870126886137, 0.5655281783906521], [-0.9042323792928151, -0.6014550037622408, -0.29075433749339513, 1.3443341228658978, 0.24065256888124054, -0.536509960219045], [0.24290714587652046, -0.189490545664824, 1.1609884710315972, 0.09456311712508245, -1.0329961243620984, 1.3178276122120225], [0.29619253033481885, 1.1538988075223784, 0.45346305089905803, -0.5207887650357909, 0.4833623924575592, 0.9322144647282363], [0.49835008707722966, 0.48007455868085835, 1.0337470207790505, -0.2604342503863172, 0.7491874373268579, -1.2546915619872663], [-1.372391882867806, -1.052803615821171, -0.6587069039175533, -1.3684143153925992, 0.09040363047685485, 1.5631098362691482], [-0.31613172505679565, -0.614508333249485, 0.3582901841659019, 0.4641209235383164, 0.39321302941492675, 1.7006450272650857], [-0.3643827848484822, -1.5468298903383948, -1.834669731164607, -0.024347133906568154, -0.11994488328928662, 1.1139123317320065], [-0.8815125374532152, -0.7174175411489195, -1.243614258538071, -0.23027334123251672, -0.6400373623813941, -1.296874958398155], [-0.15323536262996826, 0.6254027765388397, -0.7022355794001599, 1.7135452521624217, -0.9197315400264834, -0.9178181745793874], [0.7266272893301262, -1.378550574002842, 1.9377662923839214, -0.3346231533623322, -0.6932023713552559, -1.5638797760322622], [0.901161441245982, 0.12956593452338533, 0.7266854150864941, -0.8730127156135075, -0.5290843001750796, -1.4471270208047464], [-1.845160735650534, 1.0430748331306792, 0.10154477623459475, -0.13875058242098393, 1.0566198805235258, -0.7197665099054483], [-0.6447685164428049, 0.9105412922601946, -0.7909652184630103, 0.8173849054661645, -0.8642550089233261, 1.2347720921232885], [1.5939368200436332, 0.6556651190092664, 1.3342178439691572, 0.9217347175959798, -0.2863744765987609, -0.3425900417038285], [1.8872352675036452, -0.6300792137342686, -0.45090051531414893, 0.25611465351210594, -0.17542141439244643, 1.6214243613955157], [0.4863853933890412, 2.325491170377466, -0.7921948420642136, -1.6065814945726102, -0.47360776907191976, 1.3081291421867816], [-1.1862199414629218, 0.09028524156177116, 0.013651281220562543, 1.5090057533033145, 0.27763692295001374, 1.4245355234847983], [0.43558448084414386, 0.21238646494245078, -1.1748045218147192, -1.505698453609898, -0.050599219410338805, 0.5027850151660317], [0.08501241769643719, -1.1245883062510211, 0.09652791194168361, 0.6291392310924437, 1.1329001107903702, 1.1058715083692514], [-1.6599368164231136, 0.8459643848233007, 0.1772895900687351, -0.8529054428443071, -0.6793332385794653, 1.181455247979335], [1.0006383890414405, 0.14389528300938198, -0.9140259484714641, -0.6927406149241249, -0.7533019467170091, 1.6574225090657844], [0.7014883564170092, 1.199231968978078, -1.2887660371742669, -1.0574449417034142, 1.5674662710984413, -1.3224076651993444], [0.7846854750957603, 0.04948712060164034, -0.256767541156128, 0.8322920214847095, 0.874009632308963, -0.9646033960532503], [1.302599797778433, -1.3606690645203163, -0.640705214395933, -0.8088774490220926, 0.7168261275166833, 0.7876280901680159], [-0.22492545349934745, 0.3848214647739425, 0.12977693411822863, 0.9654160343014843, -1.2803289921970131, -0.4148584879889684], [1.527869481399339, -0.3688229454895753, 0.5182396222104636, -0.6431657872345448, 0.6266767644740509, -0.0778119136163399], [1.2158067329092184, -2.0769812973203163, -1.7175603793859786, -0.4452131535929344, -1.2433446381282398, 0.3797233062231154], [-1.9863506592550721, 0.9174904227534035, -1.401497928932611, -1.2165697382734655, -0.21240576846121706, -0.5549420014660109], [-0.2747456534468389, 0.5733101630897461, 1.978737350776025, 0.608685281206533, -0.027483998117356197, 0.43096190679021557], [-1.2465664566224162, -1.1723528012043438, -0.8801375220222939, 0.7019414256016172, 0.8439598446280864, -1.0788820517845292]], "alpha": [888.7037525567061, 884.2087159561994, 297.9722258127895, -142.26259551288817, -361.73402104756514, -535.1699708542666, 49.329443514001746, -117.6756942782796, -319.53351345688986, -185.7172473160665, -194.53173696491424, 742.6865424442618, 199.87399858282512, -181.17715049743828, -258.1928326241368, 729.1941009556759, -169.05253993252202, 147.81658921832656, -368.4064410888882, -2019.062695353082, 2.3328442011335753, 205.42804931093468, -1060.6778701436501, -171.426075943935, -687.9786622349294, 221.0459821824228, 52.458343535254606, -287.53890386730194, -318.14707090833133, 268.9021152204444, -505.8559102352236, 1009.6597975103604, 662.2226999468863, -767.701459738744, 710.3870985667995, 684.6397358595227, -374.8429771254504, 72.35978203073252, 966.3443605083552, -504.43492869402496, -47.51853853173113, 149.36759694167938, -184.01454728886702, 311.3112627326169, -154.73699852069, 585.4410006144794, 161.07287967031303, 461.44557561514847, -29.889862296626305, 430.79228016518346, 234.55112968210463, -244.75426465397334, 270.4059849031682, -137.2273649733239, -547.6388174824381, 336.2549021013765, -229.72670118031408, 717.9685709746756, -340.39771045982786, -688.0180165411668, 135.4290853067945, -774.3958702505764, 215.1539514710063, -275.9047023147616, 721.2429327029936, 9.949353209594303, 70.81073485102269, 218.78174343872735, -1091.2441498505177, 175.9065073853601, 97.74444654694504, -931.7970777892426, -241.9089151233448, 946.4950887604007, -393.05996793612655, 1041.347818103706, -155.64316643570334, 198.1399712091788, -39.86705976927985, 430.81011584607546, -162.77228655282173, -198.6684981659324, -574.2188376262709, 1096.0773889996265, -42.39671080052419, -124.69931265222971, 162.96620192280866, -441.1548298420413, -209.55021483129175, 264.8697782086318, -447.2595689100329, -259.48099094635637, 624.9936745655824, 547.0901248141303, -496.78025735214356, 366.54014200092945, -172.78471011523243, -188.57662061582525, 254.61563228624212, -676.3890596560033], "y_mean": 56.3592693457478, "y_std": 7.961580259053073, "r2": 0.9999999209795714, "cv_r2": 0.9999033193545694, "ard": [0.09456934729361234, 0.3691510705193168, 0.02568752415729872, 0.29050868736766233, 0.056560578384952695, 0.16352279227715724]}, "mlp": {"activation": "tanh", "weights": [[[0.1432552108570326, 0.05119839859916929, -0.17616447802971782, -0.051359516864295324, 0.1277252179256236, -0.07501438773034316], [-0.1024509018663739, 0.5406525965785434, 0.037700837885392954, -0.034396993422898994, 0.38262543384294634, -0.028720363078212272], [-0.007940470754737786, -0.0065628845325089065, 0.0777254674505936, 0.031585156904406886, -0.11635812355935009, 0.02983468365203697], [0.14170581479669903, -0.15284904520291367, 0.6298607922479837, 0.300181596473221, 0.09186492373494223, 0.1547340111925886], [-0.022882170933452548, 0.005201242270061184, -0.15573251217895615, 0.10499901068583657, 0.14802642179060974, 0.08041243387255023], [-0.1679113022828028, -0.07798147537074339, 0.17007821150714925, 0.07766027199490644, -0.3069608911654358, 0.10984491973618007]], [[0.859789539291185, -0.5970043725524528, -0.12326638745737974, -0.06348960062170027, -0.008810596539101618, -0.920342421462179], [-0.5290724560723579, -0.6542793261825225, 0.47693750216399133, -0.19029153190952247, 0.548502365350966, 0.41523803353255995], [-0.4112570598805408, -0.2361959774770002, 0.18940413877288595, -0.011554167130302601, -0.023344167052846726, -0.32498921092685024], [-0.4955395193457768, -0.907226273417427, 0.28236973570640694, -0.5255880948238358, -0.7409473336134924, 0.2641816653707913], [0.3308969379994987, -0.06202933412923204, 0.18455413975196236, -0.037197901386685765, -0.07137103737679554, -0.17687561223136716], [0.2613368715106555, -0.4118676839208092, 0.8546191529117221, -1.089776667935937, -0.3604784234031075, 0.4139586467096306]], [[-0.8109745419146012], [-1.068955567611307], [1.5499145662994462], [-2.055189767110568], [-0.7032607778855501], [1.1330937421585976]]], "biases": [[-0.41152497770989693, 1.118425312227637, 0.7176445368827893, 0.5219351963381106, -0.07110976598044745, -0.5624426955861479], [-0.013386872271486775, -0.5261697105491613, -0.7549479827820349, 0.5494756886990978, -0.8336600164530851, 0.10595739160889658], [-0.33143432838414016]], "y_mean": 56.3592693457478, "y_std": 7.961580259053073, "r2": 0.9999601990357716, "cv_r2": 0.9988596242499842}, "sobol": {"S1": [0.15194204196412137, 0.11276234131970253, 0.01850403515494502, 0.4210510639092339, 0.11322254905928648, 0.1614263905289007], "ST": [0.151264056337303, 0.12685163665524224, 0.019732070721123186, 0.44978631687846227, 0.11293559356401202, 0.16259790018220094], "se_S1": [0.0030463858836114375, 0.0015432274875739236, 0.0008525299792255505, 0.007124485427062151, 0.0023453031475359357, 0.004088155797005332], "se_ST": [0.00028146214514483914, 0.00023517433249943204, 3.465258114550004e-05, 0.0005702494908608674, 0.00017587174345118985, 0.0003084468219954603], "interaction": [-0.000677985626818367, 0.014089295335539709, 0.0012280355661781657, 0.028735252969228353, -0.00028695549527446573, 0.0011715096533002345], "resolved": [false, true, false, true, false, false], "sum_S1": 0.9789084219361901, "S2": [[0.0, 0.0006399043545382607, -2.300491706366918e-05, 0.0020421096006174254, 0.0004972096783568816, 0.0007277284161370717], [0.0006399043545382607, 0.0, -2.7523854664420615e-06, 0.013401063077423498, 0.00011457692482181869, 0.0002982341855278514], [-2.300491706366918e-05, -2.7523854664420615e-06, 0.0, 1.2681273167802764e-05, 0.00018778438333077048, 2.3030771827220464e-05], [0.0020421096006174254, 0.013401063077423498, 1.2681273167802764e-05, 0.0, 0.0016337826793603697, 0.002551490833375314], [0.0004972096783568816, 0.00011457692482181869, 0.00018778438333077048, 0.0016337826793603697, 0.0, 0.0004914214623397889], [0.0007277284161370717, 0.0002982341855278514, 2.3030771827220464e-05, 0.002551490833375314, 0.0004914214623397889, 0.0]], "se_S2": [[0.0, 0.00021986634300259333, 2.0307905797873628e-05, 0.0005208337401470577, 0.00020512192868639298, 0.00027082926458493284], [0.00021986634300259333, 0.0, 3.0741967928620083e-05, 0.0009917524503393112, 0.00013807082260430413, 0.00017134391399076785], [2.0307905797873628e-05, 3.0741967928620083e-05, 0.0, 1.672970070047266e-05, 8.524872500285001e-05, 1.604724897692381e-05], [0.0005208337401470577, 0.0009917524503393112, 1.672970070047266e-05, 0.0, 0.000449310953804367, 0.0006009668533403213], [0.00020512192868639298, 0.00013807082260430413, 8.524872500285001e-05, 0.000449310953804367, 0.0, 0.00021593976742654718], [0.00027082926458493284, 0.00017134391399076785, 1.604724897692381e-05, 0.0006009668533403213, 0.00021593976742654718, 0.0]], "resolved_S2": [[false, true, false, true, true, true], [true, false, false, true, false, false], [false, false, false, false, true, false], [true, true, false, false, true, true], [true, false, true, true, false, true], [true, false, false, true, true, false]], "sum_S2": 0.02259526033829396, "n": 131072, "reps": 10, "max_input_corr": 0.04006815559131506, "max_input_corr_pair": "CP~WSP"}, "sobol_kd": {"S1": [0.14661005276103647, 0.17522026771733343, 0.03554215449778652, 0.3616330889559925, 0.09756256752057126, 0.15391672964311923], "ST": [0.14678648160977686, 0.1977344077892013, 0.03894256700095046, 0.3954487344313198, 0.09806103170811994, 0.15610610097829694], "se_S1": [0.003026771523900697, 0.0021059680650435163, 0.0012133040331073334, 0.006537773063887812, 0.0022268298612623913, 0.00404873530237598], "se_ST": [0.0002857004937636258, 0.0003324676850908512, 8.218618835729291e-05, 0.0005569727789735507, 0.00015958134823748716, 0.00030726392176199285], "interaction": [0.00017642884874038978, 0.02251414007186786, 0.0034004125031639396, 0.03381564547532728, 0.0004984641875486889, 0.0021893713351777144], "resolved": [false, true, true, true, false, false], "sum_S1": 0.9704848610958393, "S2": [[0.0, 0.0017285050700301923, 0.00014409707803540728, 0.0018742173114190796, 0.0004901122421217096, 0.0005541379960443765], [0.0017285050700301923, 0.0, 0.0014526969942726426, 0.018705992492490393, 0.0005446745738532932, 0.0011169130605514555], [0.00014409707803540728, 0.0014526969942726426, 0.0, 0.00015539753887576778, 0.0003948217621309189, -0.00011228150282003857], [0.0018742173114190796, 0.018705992492490393, 0.00015539753887576778, 0.0, 0.001479343186483509, 0.0026864566495839763], [0.0004901122421217096, 0.0005446745738532932, 0.0003948217621309189, 0.001479343186483509, 0.0, 0.0005065330806225676], [0.0005541379960443765, 0.0011169130605514555, -0.00011228150282003857, 0.0026864566495839763, 0.0005065330806225676, 0.0]], "se_S2": [[0.0, 0.000279385135474175, 6.0830484389466795e-05, 0.0004694932994230316, 0.00020189361417144235, 0.00024464756382589766], [0.000279385135474175, 0.0, 0.0004482082061351295, 0.0012067041875027226, 0.000249539195632868, 0.000263185771934991], [6.0830484389466795e-05, 0.0004482082061351295, 0.0, 0.00017700136384107474, 0.00015464578655035617, 4.8444468076934816e-05], [0.0004694932994230316, 0.0012067041875027226, 0.00017700136384107474, 0.0, 0.0004327794728225607, 0.0006333162041279605], [0.00020189361417144235, 0.000249539195632868, 0.00015464578655035617, 0.0004327794728225607, 0.0, 0.00022197346830584854], [0.00024464756382589766, 0.000263185771934991, 4.8444468076934816e-05, 0.0006333162041279605, 0.00022197346830584854, 0.0]], "resolved_S2": [[false, true, true, true, true, true], [true, false, true, true, true, true], [true, true, false, false, true, true], [true, true, false, false, true, true], [true, true, true, true, false, true], [true, true, true, true, true, false]], "sum_S2": 0.03172161753369525, "n": 131072, "reps": 10, "max_input_corr": 0.04006815559131506, "max_input_corr_pair": "CP~WSP"}}, "cat3": {"scaler": {"mean": [952.4974800000007, 22.673814000000004, 14.999403999999995, 0.500049, 0.8749859999999999, 1013.006363], "std": [3.0680506064274757, 6.576412179616178, 2.0440409589790507, 0.2885277662530939, 0.04329566033680512, 4.040326142445806]}, "y_mean": 75.91754148973608, "y_std": 10.502431981625419, "y_range": [58.440476202346034, 98.57787903225815], "gpr": {"const": 71.2583037803582, "length_scale": [45.66212633301999, 4.4210806713878945, 100.00000000000004, 6.857027892429011, 30.690434578549702, 46.92228647568994], "x_train": [[-0.0988836361972183, 0.9421833411241003, -0.7320812204993253, -1.1376686696838145, -1.3808774259339922, -0.7962136932966952], [-1.4077277574732818, 1.128287856256762, -0.39397644967066814, 0.43687649766584075, 1.7048821850916929, -0.22331439794455912], [0.2812600281727938, -0.8824589824202154, 0.2799337251469772, -0.7533035826068241, -0.0597288499559308, 1.6834376137473561], [-1.741001269278442, 0.6072286667763371, 0.23609898709713212, 0.8271335653382406, 0.08809196973392411, 0.3784439538028027], [-0.8928405529758796, -1.0515329348477067, -0.1404590249225708, -1.0080450965848116, 1.5570613654018404, 0.4792526473686655], [-0.6091099006273424, 0.21687904605809552, -1.811609490374183, 0.2448672476742693, 1.4323375487885277, 0.2929805560903287], [-2.2567685114108933, -0.019784952105540987, -1.2693013751035045, -1.624970123633543, 0.42761791495905427, 0.06582067650583859], [0.11982201311450107, 0.3290526720188477, 0.5248407549209971, -0.6635375253002953, -0.14749746164677918, 0.1889543004906831], [0.8357489262489883, -0.4218126729644713, 1.0131871335075484, 0.05285799768269782, -0.8219299514817346, -1.643249273926398], [1.0130276187387905, -0.4844608143442053, -0.31623828141039717, 0.3914735883718049, -1.223817805013525, -0.37033223241088115], [1.7155584034280935, -1.2707710179576597, 1.0925886735241763, -0.8576262978549524, 1.3630465395589089, -1.5163783278869762], [0.5653818083591222, 2.202384157868481, 0.4152539097963862, 1.098164672727065, 1.4808412552492607, -0.5354921666522307], [0.7947130972648625, -0.786935772675679, 0.6507677814168681, -0.29442227035259916, 0.9958041906419292, 1.609705942219549], [-0.3919687626668622, -0.7252912180267853, 2.053039094723452, -1.5397096985470329, 0.9357519826429253, -1.6066928191272871], [1.4918658741842206, -0.665562601682223, -0.4651589763029495, 0.45524561363976357, -1.1268103920920567, 0.44527024219657524], [1.8349501759212317, -0.2584865354499748, -1.6910639607371105, -0.3349729603327687, -0.4593070031800649, 1.5721842188103228], [-0.01938690316127153, 0.960293519857902, 1.6704635907616379, 0.18837355137711023, 1.4946994570951828, -0.38661804639720837], [-0.8018055487243495, -0.5173358827090077, -0.8748376553536187, 0.2299640026388225, -1.450168435163611, -0.17616473891118956], [0.3196557442516619, -0.09803430539197616, 1.2996784571904614, 1.0129042476405552, -0.43159059948821793, 0.63557666125575], [-1.0384704845891022, 0.7290428076969802, 2.220697183224363, 0.8839738487292472, -1.6488026616218525, 1.496942768174345], [-0.6429098646118853, -0.85221452775898, 0.6834970668581029, 0.11524367457526621, -1.1060230893231735, -1.7280444087549613], [-1.1620342873522609, -0.700019079441077, 0.2987689641527694, -1.703298806843101, -1.7227130714667787, 1.6440596045494018], [-0.29170966024020517, -0.5382439396015158, -1.0043849615544986, 0.9640354674080432, 0.7301886552617226, -1.470094935554987], [-0.9578655560126603, -1.6144538556918229, 1.5496734476309832, 0.743259488627121, 0.2567000921926623, 0.8733049945973221], [-0.43388462928607396, 0.17077487987766976, -0.9062460279295117, 0.026170791456432717, -0.8704336579424675, 0.7216588208978095], [0.4382978550556569, 0.28118462612967193, -0.17896118881233458, -0.10657206548719901, 0.8664609734133065, -1.1292561142695312], [-0.0702009280907718, -0.27113781060238734, 0.18194155961813896, -0.5155448362273692, 0.4507149180355939, 0.49868177195724556], [-0.13499777322218048, -1.3672674027139202, 0.9632859808168768, 0.6988963406146278, 0.3906627100365925, -1.0367140800827574], [0.7322630191603496, 0.05289905658259688, 1.6765300054024643, 0.4905974972122189, 0.6216327408019884, -0.25779181266032347], [-1.5085735516566627, 1.3252645609735276, 0.22792889641150252, 0.9033827259847131, 0.6354909426479106, 0.5353619791422679], [-0.7235799811612799, 1.1459874767824925, 1.4071127035715538, -1.6922080198399778, 0.28903589649981676, -0.07879636167372767], [-0.03242449775510411, 0.18109965851767904, 0.11046549679355937, -1.5913511755303256, -1.3162058173196833, -0.12725779599779827], [-1.3465814388281596, -1.5140039474504334, -2.081809555384554, -0.36304651493442447, 0.1712411808094651, -1.34240722376851], [1.2046802592682926, 1.8000675256779453, -0.22886234150300613, 1.0732104019700377, -1.6072280560840808, -1.5750617092875712], [1.9403591282124615, 0.8758097641526097, 0.3892270340792907, -1.145293585748462, 1.0627854995638943, 1.5503542979350151], [0.5306366187665406, -0.2039887347934294, -0.6922581437442207, -0.9862101096724125, 1.6656172798615774, 1.2972064173084963], [0.22223231864915824, -0.7556573195644866, 1.2641116552236802, -1.2458038429642664, -1.461716936701882, 1.2133765510901042], [-0.5395869274556657, 1.6761701819978305, -1.6053513925860747, 1.3650367349897188, 1.3353301358670593, -0.7494600418982367], [0.4959892111333883, -0.3745832731767395, -1.4947371707884196, 1.7067716095234544, -0.20523996933812944, -0.002861897676634198], [0.04195497940278337, 1.4493139632492251, 0.5983715710916636, -0.8891657233950842, 0.767143860184187, -1.5281595550260245], [-0.6538614440707076, -0.9794723664014545, 0.4924539283707778, -0.9220914973106064, 1.2498712244838648, -1.1511107856220155], [-0.5527874919819175, -1.2031961780810727, 1.8187482905708767, 1.4648538180178279, 0.8318154687984983, -0.6999838380096695], [-1.2716478639000246, 1.0550716424840871, 1.1815301397904903, 0.5460514322278353, -1.3323737194732594, -0.9695907859627806], [2.1685822215777066, 1.7459346656507961, -0.11663367064771182, 1.2021408008813457, 1.0212108940261224, 0.7411869473950963], [-0.9112235613531805, -0.0728534019636168, 0.034439622988360764, 0.6430958185051638, -0.7572583428674259, 1.3187393324576275], [0.34863179823647034, -0.8092579745070988, -1.40105020274662, -1.3369562486461857, 1.0766437014098165, -0.5924430146500367], [1.5321520414792034, 1.4881041109821622, 0.4722488538009277, -0.43548321754857316, 1.1436250103317815, 0.5808286057272302], [0.2999363824284567, 1.6115908964542063, -1.3406306698319346, -0.48331223649954236, 1.2313936220226325, 1.4636286258861935], [0.9335634796893203, -0.41091007166125054, -0.2645269888672207, -0.40602331457152696, -0.9096985631725857, 0.987874953476873], [-0.2039014606506568, -0.34709107909553555, -0.5336018318071158, -0.5779305131199376, -0.7872844468669266, -1.1963546579123314], [0.8717000933415314, -0.4460508131002225, -0.939562385755342, -1.5157951890715484, -0.03201244626408124, 0.6814887964300048], [-0.26807902003886513, 0.8441055469737884, -0.5921133794718639, 1.274230916401647, -0.38539659333513876, 1.0878421308185322], [-1.0768987946544837, 0.3906972266677415, 0.7819784593741042, -0.8094506918101356, 0.22205458757785423, 0.41331737615347813], [-1.0165673256714574, -0.9095558241529063, 0.7513528499776727, -1.3022975392614258, -1.5910601539305023, -0.922515378360941], [0.01636870001233877, -1.1461589988783099, 0.006651530117476669, -0.6947303637465795, -0.6417733274847279, -1.4411863782053798], [0.4262054860698631, -0.12537444087759803, 0.8338854427121464, -0.24590007721393503, 1.617113573400842, -0.8103709662452944], [0.7102620782832386, 2.023000632660538, 0.7930839119827146, -1.4152849318557437, -1.6695899643907384, -1.0578757380740982], [-0.8480890095325144, 1.0461458029234307, -0.30748111834017106, -1.3539390162447182, 0.3490881044988207, -0.5729643891071033], [-1.2444970731583407, -0.14932366968174382, -0.02798574057369534, 1.177533117218166, 1.1505541112547426, 0.03191252276530643], [-0.11058487734522084, 1.9178217020965524, -0.0649223781045354, -0.1734633745997861, -1.5032915422396538, -1.6861666013615162], [2.007959056181547, 0.5233683513129308, -0.6346272046563673, 1.6461188681001238, 0.1966478841936584, -1.3915369209765196], [0.39602345458509325, 0.24564853234218698, 1.4338244970706784, -1.4624207766190176, 1.5917068700166486, -0.9932027411952303], [0.15326344324772906, 0.5642569076648978, 0.08869489586478639, -0.08473707857479999, 0.9265131814123104, 0.7762336230860646], [0.6730071517313421, -0.9553558731421685, -0.23302077089389528, -1.2742239846597698, 1.4115502460196419, -0.1738381940559919], [0.07425562000900285, 0.5326439256434253, -0.1522983180119264, -0.0525044788469731, -0.7179934376373078, -0.44017807902096684], [0.1941037083129222, -1.483136052547312, 1.1184198584464051, 1.3993488572806314, 0.3213717008069737, -1.3104296072482082], [1.3617180861511557, -1.7488280366075293, -1.1567302453571957, 0.763361540070282, -1.1522170954762525, -0.8808603252621422], [1.305330489532778, -1.1715375784809257, 0.9221419911964314, -1.0551809413480855, -0.28146007949070934, 1.2776287898568561], [-1.6261400609066392, -0.22793796359757518, 0.8822699917426113, 1.3151281934756638, 1.3168525334058299, 1.0683387547984222], [0.9600949846877667, 0.1090086783523102, 0.3162343675945045, 1.4385131988854103, -0.6741091317918824, 1.7278399698134403], [-0.4660222999599113, 0.41574127736007693, -0.007682820606411888, 1.2225894394183543, -1.1776237988604459, -1.2783034878648465], [-1.1084823675580735, 0.06066925081683115, -0.4168722726699179, 1.6034886555568688, -1.3901162271646097, 0.08668532877100296], [-1.8560580415691035, -0.051595610301270495, -0.6814462273279085, -0.2230253290199933, -0.26529217733713084, 1.010496889622031], [1.053150816101354, -1.3941361565532384, 0.06863658939108495, 0.09826090697673366, 0.5361738294187911, 0.8283086270788291], [0.08038328946812788, -0.1838105591597141, -1.1007626780256978, -0.16202600050281535, -0.36922869118156026, 1.1123946041839485], [-0.19744785132669337, -1.6503700959682628, 0.345490141426879, 1.5657106623274801, 0.01649126019665164, -0.49190657633317353], [1.285708909669039, 1.2430312724828478, 0.5584017262404094, 0.9865636285081373, -1.5517952487003868, -0.06206503909810787], [0.6166195551129643, -0.6051497216575429, 1.2427813585833534, -0.5973393903754033, -0.9789895724022044, -0.6692437453485105], [-0.5045157979982087, 0.6634599354225157, -1.5961539252274017, -1.6540834395167416, -0.22833697241466902, 0.23659896906772668], [1.0892649531262792, -0.3200094432224034, -0.4371751926372005, -0.7640477825160997, 0.03958826327319123, 0.9580753789486807], [0.14602757824814605, 0.7593632916560069, -0.08096902328349637, 0.32076982122689424, -0.11054225672431738, 1.1520696191081075], [-2.0611394045302665, -0.6534587374739056, -0.8241537394834857, 1.1189598983579212, 0.6678267469550675, 0.3269877117395956], [-1.5533902830730177, -0.3277796374566371, 1.894089246594047, 0.6067041736511658, -1.041351480708862, 0.9312211112052714], [-0.2513583049722326, 2.3072437653817444, -1.1371122431719414, 1.4977795919333503, -0.0943743545707389, 0.10284739037144686], [-0.15673796220740593, 1.2767730748424666, -1.2077566201183432, -0.5283685586997304, 0.8941773771051534, -0.8338344186146841], [-0.41504530509795473, -2.0385756904887997, -0.7768944125234967, -0.0032891115206136645, -0.31610558410552, 0.6050593228892654], [0.5960853436276261, -0.5852148397767585, -1.449434751777085, -1.0822147346681985, -1.0251835785552836, 0.8350655073497757], [-0.7031761456219215, -0.54811254245478, 1.4938037256969177, 1.5535801140428143, 1.6448299770926913, 1.4345220647191166], [-0.3160899621306884, 0.45374072039598856, 0.13135548914543846, -0.6448218222325247, -1.2469148080900647, 0.2640967492178981], [1.1400463840693031, 0.6742560957088294, 0.6260128958663982, 0.8510480748137252, -0.5563144161015307, -0.6419192185386321], [0.4829516165395557, -1.016605075442549, -2.22559336691189, 1.341122225514234, -0.5193592111790664, -1.0815866952153108], [-0.7639965244022053, 0.29961412791419595, -1.058346698238627, -1.4249893704834766, -0.5516950154862232, -0.3176137160113264], [0.7849023073330117, 1.3870611742180035, 0.45018471667985643, -1.1827249918840028, 1.2013675180231318, -1.2224169103858904], [-0.3431755648993823, -1.302095088647527, -1.864348159590403, 0.5800169674249004, -0.847336654865928, -0.481461874962003], [1.1716951449458828, -1.810153268205701, -0.5017042322440588, 0.27744643449594375, 0.501528324803983, -1.3773301470735388], [1.4474076766192174, -1.088620026310127, -0.3632040721780879, 0.36166709830091137, -0.5932696210239925, 1.3635624466357996], [-1.3921152379471442, 0.8134201223853648, 0.1670201365096539, 0.16168634515084476, 0.5638902331106381, 1.18676978811849], [-1.8315799577191538, 0.45859138959504997, -0.819652851201582, 0.6753284182329907, 0.12042777404107852, 0.16779264249931428], [1.66399471680945, 0.012953263523237437, -0.5602647026075231, -0.9498184648184145, 0.7186401537234541, -0.3003131324605025], [0.237127770472629, 0.13852325175475327, 1.0488517808717637, 1.6696867904817607, -0.94665376809505, 1.3869763980508079]], "alpha": [-1280.9193473904652, 406.4986109064795, -605.8457073176902, 151.1498473789857, -94.84411186771129, -672.9024552878923, -846.4065236148754, -772.5885648531151, -948.2313137567911, 520.7037501895555, -439.3294112739956, -12.473486403064975, 867.8394477946701, -153.52600772231406, 62.421397922009945, 247.1469921250313, -128.7653114175552, -444.9498731700299, 45.869100858748254, -60.860725630708394, -648.8324651710108, 355.2334253498568, 957.4908376543127, 72.5906577652616, 24.167618417382034, 816.6201848782456, -3228.3369075040896, -409.10499154557107, 244.8290657804019, -224.49297987549346, -426.9905377276316, 322.88342314289105, 105.91273319470875, -234.7184343906665, 299.0257691721435, 91.8014260499612, -545.9288202989322, 117.54716793303352, 645.499717254261, -348.76511202398797, 1016.0815459368664, -814.9415761173886, -386.2139380823791, 22.02618910356997, -960.8178437513061, -108.0706512553803, 86.71521353329956, -107.04423091008748, -2423.996412000987, -833.4723412165938, -970.6952360169761, 666.8046312486931, 599.4463591367096, -432.7136775936539, 285.7073633758575, -540.4299393441725, 119.38145228156884, 978.9345995960889, -107.80645184693233, 258.09329831382286, -578.1842573318089, 234.59911259252175, -151.4858147101769, 332.8795920082598, 1481.780852478365, 1073.1814849862365, 289.515740264216, 596.6739918533988, 50.97105001103473, 160.97881661732225, 489.66255855959406, 58.2729666499758, 1009.2957011990956, -51.51675350096438, 2273.068389429694, -225.56755694200484, 297.1537730078168, 2233.5796578860595, -324.0163129067435, 938.3667199758381, -1590.987307154542, 49.2921099621045, 845.2338905873729, -11.803359203369284, -211.18167789883208, -256.4304394332531, 422.0766383100598, 223.30944133532518, -168.01399563247261, 628.589094565422, -1107.387220494328, 1929.0246966985128, -76.98017676902032, 748.4476070802656, -227.72755756738096, -299.40360375278175, 946.5226108655754, -1575.7131156453636, -32.2033872223084, -597.8300160190365], "y_mean": 75.91754148973608, "y_std": 10.502431981625419, "r2": 0.9999999738160773, "cv_r2": 0.9999509030114877, "ard": [0.04783535792094487, 0.49405661622675495, 0.02184264156571412, 0.3185438634401801, 0.07117084481097731, 0.046550676035428555]}, "mlp": {"activation": "tanh", "weights": [[[0.04558271203918667, 0.22231799334584343, 0.07293621563459969, -0.029377146265790615, -0.1034296209129111, -0.02583709181690766], [0.1492604986595804, 0.3777537777662079, 0.29785950660713006, -0.23515307843405034, 0.2955461535812297, 0.27968321868165924], [-0.03828721063872957, 0.01607392389919795, -0.0038904189255951852, 0.017417449364957323, 0.006665304427854408, -0.0007754359280031493], [-0.1910173171180903, 0.46265633945200957, 0.10897830118954714, 0.22394685496076377, 0.23887770938514366, -0.16050864747946386], [-0.15532636963121513, 0.21437146025252568, -0.08976708645274029, 0.05805261531471186, 0.1177405533393983, 0.028086003050304544], [-0.09493274805744385, 0.6531547308851874, -0.13665939546266173, 0.06234351824165394, 0.023750069673728263, 0.029188595711325017]], [[0.18156905684720687, -0.3006026044510379, 0.09298017722944435, 0.33760302896818295, -0.4462999286343254, -0.8245574200565168], [-0.19284905947420528, -0.6122604846884827, 0.037607875217220775, 0.15021939337675763, 0.4948340485139989, 0.19947911921722009], [-0.44493193272048887, -0.21453186044359757, 0.6850406709061626, -0.20559667975289928, 0.3076948368256823, 0.16544691490451982], [-0.49928845234103447, -0.41844175536466566, 1.4033685162777993, -0.79176524290879, -0.12112452880325662, -0.03580368330994133], [0.35357